# Made in Blockbench 4.5.2
mtllib RunicStabilizer.mtl

o central
v 0.08166018530477359 0.25 0.03382475625913728
v 0.03382475625913728 0.25 -0.08166018530477354
v 0.08166018530477359 0.0625 0.03382475625913728
v 0.03382475625913728 0.0625 -0.08166018530477354
v -0.08166018530477354 0.25 -0.033824756259137334
v -0.033824756259137334 0.25 0.08166018530477359
v -0.08166018530477354 0.0625 -0.033824756259137334
v -0.033824756259137334 0.0625 0.08166018530477359
vt 0.625 0.25
vt 0.75 0.25
vt 0.75 0.0625
vt 0.625 0.0625
vt 0.75 0.25
vt 0.875 0.25
vt 0.875 0.0625
vt 0.75 0.0625
vt 0.875 0.5
vt 1 0.5
vt 1 0.3125
vt 0.875 0.3125
vt 0.75 0.5
vt 0.875 0.5
vt 0.875 0.3125
vt 0.75 0.3125
vt 0 1
vt 0.125 1
vt 0.125 0.875
vt 0 0.875
vt 0.875 0.125
vt 1 0.125
vt 1 0
vt 0.875 0
vn -0.3826834323650897 0 -0.9238795325112867
vn 0.9238795325112867 0 -0.3826834323650897
vn 0.3826834323650897 0 0.9238795325112867
vn -0.9238795325112867 0 0.3826834323650897
vn 0 1 0
vn 0 -1 0
usemtl m_2e33ca83-abdd-9ce3-3f17-f5210e9e3751
f 4/4/1 7/3/1 5/2/1 2/1/1
f 3/8/2 4/7/2 2/6/2 1/5/2
f 8/12/3 3/11/3 1/10/3 6/9/3
f 7/16/4 8/15/4 6/14/4 5/13/4
f 6/20/5 1/19/5 2/18/5 5/17/5
f 7/24/6 4/23/6 3/22/6 8/21/6
o central
v 0.08166018530477359 0.9375 0.03382475625913728
v 0.03382475625913728 0.9375 -0.08166018530477354
v 0.08166018530477359 0.75 0.03382475625913728
v 0.03382475625913728 0.75 -0.08166018530477354
v -0.08166018530477354 0.9375 -0.033824756259137334
v -0.033824756259137334 0.9375 0.08166018530477359
v -0.08166018530477354 0.75 -0.033824756259137334
v -0.033824756259137334 0.75 0.08166018530477359
vt 0.875 0.1875
vt 1 0.1875
vt 1 0
vt 0.875 0
vt 0.75 0.1875
vt 0.875 0.1875
vt 0.875 0
vt 0.75 0
vt 0.5 0.1875
vt 0.625 0.1875
vt 0.625 0
vt 0.5 0
vt 0.625 0.1875
vt 0.75 0.1875
vt 0.75 0
vt 0.625 0
vt 0.8125 0.375
vt 0.9375 0.375
vt 0.9375 0.25
vt 0.8125 0.25
vt 0 1
vt 0.125 1
vt 0.125 0.875
vt 0 0.875
vn -0.3826834323650897 0 -0.9238795325112867
vn 0.9238795325112867 0 -0.3826834323650897
vn 0.3826834323650897 0 0.9238795325112867
vn -0.9238795325112867 0 0.3826834323650897
vn 0 1 0
vn 0 -1 0
usemtl m_2e33ca83-abdd-9ce3-3f17-f5210e9e3751
f 12/28/7 15/27/7 13/26/7 10/25/7
f 11/32/8 12/31/8 10/30/8 9/29/8
f 16/36/9 11/35/9 9/34/9 14/33/9
f 15/40/10 16/39/10 14/38/10 13/37/10
f 14/44/11 9/43/11 10/42/11 13/41/11
f 15/48/12 12/47/12 11/46/12 16/45/12
o central
v 0.1294956143504098 0.8125 0.14930969782304815
v 0.10557789982759158 0.8125 0.09156722704109277
v 0.1294956143504098 0.4375 0.14930969782304815
v 0.10557789982759158 0.4375 0.09156722704109277
v -0.009907041736319178 0.8125 0.13940265608672897
v 0.014010672786498923 0.8125 0.19714512686868435
v -0.009907041736319178 0.4375 0.13940265608672897
v 0.014010672786498923 0.4375 0.19714512686868435
vt 0.875 0.4375
vt 1 0.4375
vt 1 0.0625
vt 0.875 0.0625
vt 0.9375 0.4375
vt 1 0.4375
vt 1 0.0625
vt 0.9375 0.0625
vt 0.875 0.4375
vt 1 0.4375
vt 1 0.0625
vt 0.875 0.0625
vt 0.875 0.4375
vt 0.9375 0.4375
vt 0.9375 0.0625
vt 0.875 0.0625
vt 0.875 0.4375
vt 1 0.4375
vt 1 0.375
vt 0.875 0.375
vt 0.8125 0.1875
vt 0.9375 0.1875
vt 0.9375 0.125
vt 0.8125 0.125
vn -0.3826834323650897 0 -0.9238795325112867
vn 0.9238795325112867 0 -0.3826834323650897
vn 0.3826834323650897 0 0.9238795325112867
vn -0.9238795325112867 0 0.3826834323650897
vn 0 1 0
vn 0 -1 0
usemtl m_2e33ca83-abdd-9ce3-3f17-f5210e9e3751
f 20/52/13 23/51/13 21/50/13 18/49/13
f 19/56/14 20/55/14 18/54/14 17/53/14
f 24/60/15 19/59/15 17/58/15 22/57/15
f 23/64/16 24/63/16 22/62/16 21/61/16
f 22/68/17 17/67/17 18/66/17 21/65/17
f 23/72/18 20/71/18 19/70/18 24/69/18
o central
v 0.009907041736319178 0.6875 -0.13940265608672897
v -0.014010672786498923 0.6875 -0.19714512686868435
v 0.009907041736319178 0.375 -0.13940265608672897
v -0.014010672786498923 0.375 -0.19714512686868435
v -0.12949561435040974 0.6875 -0.14930969782304815
v -0.10557789982759164 0.6875 -0.09156722704109277
v -0.12949561435040974 0.375 -0.14930969782304815
v -0.10557789982759164 0.375 -0.09156722704109277
vt 0.8125 0.5
vt 0.9375 0.5
vt 0.9375 0.1875
vt 0.8125 0.1875
vt 0.75 0.4375
vt 0.8125 0.4375
vt 0.8125 0.125
vt 0.75 0.125
vt 0 1
vt 0.125 1
vt 0.125 0.6875
vt 0 0.6875
vt 0.9375 0.375
vt 1 0.375
vt 1 0.0625
vt 0.9375 0.0625
vt 0.75 0.5
vt 0.875 0.5
vt 0.875 0.4375
vt 0.75 0.4375
vt 0.625 0.125
vt 0.75 0.125
vt 0.75 0.0625
vt 0.625 0.0625
vn -0.3826834323650897 0 -0.9238795325112867
vn 0.9238795325112867 0 -0.3826834323650897
vn 0.3826834323650897 0 0.9238795325112867
vn -0.9238795325112867 0 0.3826834323650897
vn 0 1 0
vn 0 -1 0
usemtl m_2e33ca83-abdd-9ce3-3f17-f5210e9e3751
f 28/76/19 31/75/19 29/74/19 26/73/19
f 27/80/20 28/79/20 26/78/20 25/77/20
f 32/84/21 27/83/21 25/82/21 30/81/21
f 31/88/22 32/87/22 30/86/22 29/85/22
f 30/92/23 25/91/23 26/90/23 29/89/23
f 31/96/24 28/95/24 27/94/24 32/93/24
o central
v 0.19714512686868435 0.6875 -0.014010672786498923
v 0.14930969782304815 0.6875 -0.12949561435040974
v 0.19714512686868435 0.1875 -0.014010672786498923
v 0.14930969782304815 0.1875 -0.12949561435040974
v 0.09156722704109277 0.6875 -0.10557789982759164
v 0.13940265608672897 0.6875 0.009907041736319178
v 0.09156722704109277 0.1875 -0.10557789982759164
v 0.13940265608672897 0.1875 0.009907041736319178
vt 0.8125 0.5
vt 0.875 0.5
vt 0.875 0
vt 0.8125 0
vt 0.875 0.5
vt 1 0.5
vt 1 0
vt 0.875 0
vt 0.875 0.5
vt 0.9375 0.5
vt 0.9375 0
vt 0.875 0
vt 0.875 0.5
vt 1 0.5
vt 1 0
vt 0.875 0
vt 0.8125 0.5
vt 0.875 0.5
vt 0.875 0.375
vt 0.8125 0.375
vt 0.75 0.25
vt 0.8125 0.25
vt 0.8125 0.125
vt 0.75 0.125
vn -0.3826834323650897 0 -0.9238795325112867
vn 0.9238795325112867 0 -0.3826834323650897
vn 0.3826834323650897 0 0.9238795325112867
vn -0.9238795325112867 0 0.3826834323650897
vn 0 1 0
vn 0 -1 0
usemtl m_2e33ca83-abdd-9ce3-3f17-f5210e9e3751
f 36/100/25 39/99/25 37/98/25 34/97/25
f 35/104/26 36/103/26 34/102/26 33/101/26
f 40/108/27 35/107/27 33/106/27 38/105/27
f 39/112/28 40/111/28 38/110/28 37/109/28
f 38/116/29 33/115/29 34/114/29 37/113/29
f 39/120/30 36/119/30 35/118/30 40/117/30
o central
v -0.09156722704109277 0.625 0.10557789982759158
v -0.13940265608672897 0.625 -0.009907041736319178
v -0.09156722704109277 0.4375 0.10557789982759158
v -0.13940265608672897 0.4375 -0.009907041736319178
v -0.19714512686868435 0.625 0.014010672786498923
v -0.14930969782304815 0.625 0.1294956143504098
v -0.19714512686868435 0.4375 0.014010672786498923
v -0.14930969782304815 0.4375 0.1294956143504098
vt 0.875 0.3125
vt 0.9375 0.3125
vt 0.9375 0.125
vt 0.875 0.125
vt 0 1
vt 0.125 1
vt 0.125 0.8125
vt 0 0.8125
vt 0.8125 0.3125
vt 0.875 0.3125
vt 0.875 0.125
vt 0.8125 0.125
vt 0.75 0.3125
vt 0.875 0.3125
vt 0.875 0.125
vt 0.75 0.125
vt 0.875 0.4375
vt 0.9375 0.4375
vt 0.9375 0.3125
vt 0.875 0.3125
vt 0.625 0.25
vt 0.6875 0.25
vt 0.6875 0.125
vt 0.625 0.125
vn -0.3826834323650897 0 -0.9238795325112867
vn 0.9238795325112867 0 -0.3826834323650897
vn 0.3826834323650897 0 0.9238795325112867
vn -0.9238795325112867 0 0.3826834323650897
vn 0 1 0
vn 0 -1 0
usemtl m_2e33ca83-abdd-9ce3-3f17-f5210e9e3751
f 44/124/31 47/123/31 45/122/31 42/121/31
f 43/128/32 44/127/32 42/126/32 41/125/32
f 48/132/33 43/131/33 41/130/33 46/129/33
f 47/136/34 48/135/34 46/134/34 45/133/34
f 46/140/35 41/139/35 42/138/35 45/137/35
f 47/144/36 44/143/36 43/142/36 48/141/36
o central
v 0.16332037060954707 0.75 0.06764951251827467
v 0.06764951251827467 0.75 -0.16332037060954707
v 0.16332037060954707 0.25 0.06764951251827467
v 0.06764951251827467 0.25 -0.16332037060954707
v -0.16332037060954707 0.75 -0.06764951251827461
v -0.06764951251827461 0.75 0.16332037060954707
v -0.16332037060954707 0.25 -0.06764951251827461
v -0.06764951251827461 0.25 0.16332037060954707
vt 0.75 0.5
vt 1 0.5
vt 1 0
vt 0.75 0
vt 0.75 0.5
vt 1 0.5
vt 1 0
vt 0.75 0
vt 0.75 0.5
vt 1 0.5
vt 1 0
vt 0.75 0
vt 0.75 0.5
vt 1 0.5
vt 1 0
vt 0.75 0
vt 0.75 0.25
vt 1 0.25
vt 1 0.5
vt 0.75 0.5
vt 0.75 0.25
vt 1 0.25
vt 1 0
vt 0.75 0
vn -0.3826834323650897 0 -0.9238795325112867
vn 0.9238795325112867 0 -0.3826834323650897
vn 0.3826834323650897 0 0.9238795325112867
vn -0.9238795325112867 0 0.3826834323650897
vn 0 1 0
vn 0 -1 0
usemtl m_2e33ca83-abdd-9ce3-3f17-f5210e9e3751
f 52/148/37 55/147/37 53/146/37 50/145/37
f 51/152/38 52/151/38 50/150/38 49/149/38
f 56/156/39 51/155/39 49/154/39 54/153/39
f 55/160/40 56/159/40 54/158/40 53/157/40
f 54/164/41 49/163/41 50/162/41 53/161/41
f 55/168/42 52/167/42 51/166/42 56/165/42
o cube
v 0.852093644388205 0.7438919335569423 0.13745692770051698
v 0.7125067239360718 0.7459583977184177 -0.2105893642845567
v 0.9844127480511422 0.3973693855696677 0.08233181053743088
v 0.844825827599009 0.3994358497311432 -0.26571448144764276
v 0.3905872519488578 0.6026306144303324 -0.08233181053743094
v 0.530174172400991 0.6005641502688568 0.26571448144764276
v 0.522906355611795 0.2561080664430577 -0.13745692770051698
v 0.6624932760639282 0.25404160228158235 0.21058936428455666
vt 0.375 1
vt 0.75 1
vt 0.75 0.625
vt 0.375 0.625
vt 0 0.625
vt 0.375 0.625
vt 0.375 0.25
vt 0 0.25
vt 0 1
vt 0.375 1
vt 0.375 0.625
vt 0 0.625
vt 0 0.625
vt 0.375 0.625
vt 0.375 0.25
vt 0 0.25
vt 0 1
vt 0.375 1
vt 0.375 0.625
vt 0 0.625
vt 0.375 0.625
vt 0.75 0.625
vt 0.75 0.25
vt 0.375 0.25
vn -0.3722317878723551 0.005510571097268005 -0.9281234452935299
vn 0.8584519252992379 0.38220742210156133 -0.34202014332566877
vn 0.3722317878723551 -0.005510571097268005 0.9281234452935299
vn -0.8584519252992379 -0.38220742210156133 0.34202014332566877
vn -0.3528509431011655 0.9240601279660653 0.14700031243489609
vn 0.3528509431011655 -0.9240601279660653 -0.14700031243489609
usemtl m_2e33ca83-abdd-9ce3-3f17-f5210e9e3751
f 60/172/43 63/171/43 61/170/43 58/169/43
f 59/176/44 60/175/44 58/174/44 57/173/44
f 64/180/45 59/179/45 57/178/45 62/177/45
f 63/184/46 64/183/46 62/182/46 61/181/46
f 62/188/47 57/187/47 58/186/47 61/185/47
f 63/192/48 60/191/48 59/190/48 64/189/48
o cube
v -0.3905872519488578 0.6026306144303324 0.08233181053743088
v -0.530174172400991 0.6005641502688568 -0.26571448144764276
v -0.5229063556117949 0.2561080664430577 0.13745692770051698
v -0.662493276063928 0.25404160228158235 -0.2105893642845567
v -0.8520936443882051 0.7438919335569423 -0.13745692770051698
v -0.712506723936072 0.7459583977184177 0.21058936428455666
v -0.9844127480511422 0.3973693855696677 -0.08233181053743094
v -0.844825827599009 0.3994358497311432 0.26571448144764276
vt 0.375 1
vt 0.75 1
vt 0.75 0.625
vt 0.375 0.625
vt 0 1
vt 0.375 1
vt 0.375 0.625
vt 0 0.625
vt 0.375 0.625
vt 0.75 0.625
vt 0.75 0.25
vt 0.375 0.25
vt 0 1
vt 0.375 1
vt 0.375 0.625
vt 0 0.625
vt 0 1
vt 0.375 1
vt 0.375 0.625
vt 0 0.625
vt 0 0.625
vt 0.375 0.625
vt 0.375 0.25
vt 0 0.25
vn -0.3722317878723551 -0.005510571097268005 -0.9281234452935299
vn 0.8584519252992379 -0.38220742210156133 -0.34202014332566877
vn 0.3722317878723551 0.005510571097268005 0.9281234452935299
vn -0.8584519252992379 0.38220742210156133 0.34202014332566877
vn 0.3528509431011655 0.9240601279660653 -0.14700031243489609
vn -0.3528509431011655 -0.9240601279660653 0.14700031243489609
usemtl m_2e33ca83-abdd-9ce3-3f17-f5210e9e3751
f 68/196/49 71/195/49 69/194/49 66/193/49
f 67/200/50 68/199/50 66/198/50 65/197/50
f 72/204/51 67/203/51 65/202/51 70/201/51
f 71/208/52 72/207/52 70/206/52 69/205/52
f 70/212/53 65/211/53 66/210/53 69/209/53
f 71/216/54 68/215/54 67/214/54 72/213/54
o cube
v 0.07701566991680919 0.5993646419538758 0.38806051610276393
v -0.2686720128821357 0.5976510337748848 0.5333949218988621
v 0.13570256340803388 0.2546714315492299 0.5235870420424782
v -0.20998511939091102 0.25295782337023875 0.6689214478385763
v -0.1357025634080341 0.7453285684507702 0.8514129579575218
v 0.2099851193909108 0.7470421766297612 0.7060785521614237
v -0.07701566991680941 0.40063535804612416 0.9869394838972361
v 0.2686720128821355 0.4023489662251152 0.8416050781011379
vt 0 1
vt 0.375 1
vt 0.375 0.625
vt 0 0.625
vt 0 0.625
vt 0.375 0.625
vt 0.375 0.25
vt 0 0.25
vt 0 0.625
vt 0.375 0.625
vt 0.375 0.25
vt 0 0.25
vt 0.375 0.625
vt 0.75 0.625
vt 0.75 0.25
vt 0.375 0.25
vt 0 1
vt 0.375 1
vt 0.375 0.625
vt 0 0.625
vt 0 1
vt 0.375 1
vt 0.375 0.625
vt 0 0.625
vn -0.9218338207971866 -0.004569621810642882 0.3875584154562616
vn -0.3545851985976044 -0.3938067591356942 -0.8480480961564261
vn 0.9218338207971866 0.004569621810642882 -0.3875584154562616
vn 0.3545851985976044 0.3938067591356942 0.8480480961564261
vn -0.15649838264326596 0.9191818944123895 -0.36140406917257156
vn 0.15649838264326596 -0.9191818944123895 0.36140406917257156
usemtl m_2e33ca83-abdd-9ce3-3f17-f5210e9e3751
f 76/220/55 79/219/55 77/218/55 74/217/55
f 75/224/56 76/223/56 74/222/56 73/221/56
f 80/228/57 75/227/57 73/226/57 78/225/57
f 79/232/58 80/231/58 78/230/58 77/229/58
f 78/236/59 73/235/59 74/234/59 77/233/59
f 79/240/60 76/239/60 75/238/60 80/237/60
o cube
v 0.1357025634080341 0.7453285684507702 -0.8514129579575218
v -0.2099851193909108 0.7470421766297612 -0.7060785521614237
v 0.07701566991680941 0.40063535804612416 -0.9869394838972361
v -0.2686720128821355 0.4023489662251152 -0.8416050781011379
v -0.07701566991680919 0.5993646419538758 -0.3880605161027639
v 0.2686720128821357 0.5976510337748848 -0.5333949218988621
v -0.13570256340803388 0.2546714315492299 -0.5235870420424782
v 0.20998511939091102 0.25295782337023875 -0.6689214478385763
vt 0.375 0.625
vt 0.75 0.625
vt 0.75 0.25
vt 0.375 0.25
vt 0 1
vt 0.375 1
vt 0.375 0.625
vt 0 0.625
vt 0.375 1
vt 0.75 1
vt 0.75 0.625
vt 0.375 0.625
vt 0 0.625
vt 0.375 0.625
vt 0.375 0.25
vt 0 0.25
vt 0.375 0.625
vt 0.75 0.625
vt 0.75 0.25
vt 0.375 0.25
vt 0 1
vt 0.375 1
vt 0.375 0.625
vt 0 0.625
vn -0.9218338207971866 0.004569621810642882 0.3875584154562616
vn -0.3545851985976044 0.3938067591356942 -0.8480480961564261
vn 0.9218338207971866 -0.004569621810642882 -0.3875584154562616
vn 0.3545851985976044 -0.3938067591356942 0.8480480961564261
vn 0.15649838264326596 0.9191818944123895 0.36140406917257156
vn -0.15649838264326596 -0.9191818944123895 -0.36140406917257156
usemtl m_2e33ca83-abdd-9ce3-3f17-f5210e9e3751
f 84/244/61 87/243/61 85/242/61 82/241/61
f 83/248/62 84/247/62 82/246/62 81/245/62
f 88/252/63 83/251/63 81/250/63 86/249/63
f 87/256/64 88/255/64 86/254/64 85/253/64
f 86/260/65 81/259/65 82/258/65 85/257/65
f 87/264/66 84/263/66 83/262/66 88/261/66
o cube
v -0.4375 0.5690721576438595 -0.3997761940021626
v -0.4375 0.6627238059978375 -0.6315721576438594
v -0.4375 0.3372761940021626 -0.49342784235614057
v -0.4375 0.43092784235614057 -0.7252238059978374
v -0.6875 0.6627238059978375 -0.6315721576438594
v -0.6875 0.5690721576438595 -0.3997761940021626
v -0.6875 0.43092784235614057 -0.7252238059978374
v -0.6875 0.3372761940021626 -0.49342784235614057
vt 0.25 0.25
vt 0.5 0.25
vt 0.5 0
vt 0.25 0
vt 0 0.25
vt 0.25 0.25
vt 0.25 0
vt 0 0
vt 0.75 0.75
vt 1 0.75
vt 1 0.5
vt 0.75 0.5
vt 0.25 0.25
vt 0.5 0.25
vt 0.5 0
vt 0.25 0
vt 0.25 0.25
vt 0.5 0.25
vt 0.5 0
vt 0.25 0
vt 0 0.25
vt 0.25 0.25
vt 0.25 0
vt 0 0
vn 0 0.374606593415912 -0.9271838545667874
vn 1 0 0
vn 0 -0.374606593415912 0.9271838545667874
vn -1 0 0
vn 0 0.9271838545667874 0.374606593415912
vn 0 -0.9271838545667874 -0.374606593415912
usemtl m_2e33ca83-abdd-9ce3-3f17-f5210e9e3751
f 92/268/67 95/267/67 93/266/67 90/265/67
f 91/272/68 92/271/68 90/270/68 89/269/68
f 96/276/69 91/275/69 89/274/69 94/273/69
f 95/280/70 96/279/70 94/278/70 93/277/70
f 94/284/71 89/283/71 90/282/71 93/281/71
f 95/288/72 92/287/72 91/286/72 96/285/72
o cube
v 0.6875 0.6627238059978375 0.6315721576438595
v 0.6875 0.5690721576438595 0.3997761940021626
v 0.6875 0.43092784235614057 0.7252238059978375
v 0.6875 0.3372761940021626 0.49342784235614057
v 0.4375 0.5690721576438595 0.3997761940021626
v 0.4375 0.6627238059978375 0.6315721576438595
v 0.4375 0.3372761940021626 0.49342784235614057
v 0.4375 0.43092784235614057 0.7252238059978375
vt 0.75 0.75
vt 1 0.75
vt 1 0.5
vt 0.75 0.5
vt 0.25 0.25
vt 0.5 0.25
vt 0.5 0
vt 0.25 0
vt 0 0.25
vt 0.25 0.25
vt 0.25 0
vt 0 0
vt 0.75 1
vt 1 1
vt 1 0.75
vt 0.75 0.75
vt 0.25 0.25
vt 0.5 0.25
vt 0.5 0
vt 0.25 0
vt 0.75 1
vt 1 1
vt 1 0.75
vt 0.75 0.75
vn 0 -0.374606593415912 -0.9271838545667874
vn 1 0 0
vn 0 0.374606593415912 0.9271838545667874
vn -1 0 0
vn 0 0.9271838545667874 -0.374606593415912
vn 0 -0.9271838545667874 0.374606593415912
usemtl m_2e33ca83-abdd-9ce3-3f17-f5210e9e3751
f 100/292/73 103/291/73 101/290/73 98/289/73
f 99/296/74 100/295/74 98/294/74 97/293/74
f 104/300/75 99/299/75 97/298/75 102/297/75
f 103/304/76 104/303/76 102/302/76 101/301/76
f 102/308/77 97/307/77 98/306/77 101/305/77
f 103/312/78 100/311/78 99/310/78 104/309/78
o cube
v 0.6315721576438595 0.6627238059978375 -0.4375
v 0.6315721576438595 0.6627238059978375 -0.6875
v 0.7252238059978375 0.43092784235614057 -0.4375
v 0.7252238059978375 0.43092784235614057 -0.6875
v 0.3997761940021626 0.5690721576438595 -0.6875
v 0.3997761940021626 0.5690721576438595 -0.4375
v 0.49342784235614057 0.3372761940021626 -0.6875
v 0.49342784235614057 0.3372761940021626 -0.4375
vt 0.25 0.25
vt 0.5 0.25
vt 0.5 0
vt 0.25 0
vt 0.75 0.75
vt 1 0.75
vt 1 0.5
vt 0.75 0.5
vt 0.75 0.75
vt 1 0.75
vt 1 0.5
vt 0.75 0.5
vt 0 0.25
vt 0.25 0.25
vt 0.25 0
vt 0 0
vt 0.25 0.25
vt 0.5 0.25
vt 0.5 0
vt 0.25 0
vt 0 0.25
vt 0.25 0.25
vt 0.25 0
vt 0 0
vn 0 0 -1
vn 0.9271838545667874 0.374606593415912 0
vn 0 0 1
vn -0.9271838545667874 -0.374606593415912 0
vn -0.374606593415912 0.9271838545667874 0
vn 0.374606593415912 -0.9271838545667874 0
usemtl m_2e33ca83-abdd-9ce3-3f17-f5210e9e3751
f 108/316/79 111/315/79 109/314/79 106/313/79
f 107/320/80 108/319/80 106/318/80 105/317/80
f 112/324/81 107/323/81 105/322/81 110/321/81
f 111/328/82 112/327/82 110/326/82 109/325/82
f 110/332/83 105/331/83 106/330/83 109/329/83
f 111/336/84 108/335/84 107/334/84 112/333/84
o cube
v -0.3997761940021626 0.5690721576438595 0.6875
v -0.3997761940021626 0.5690721576438595 0.4375
v -0.49342784235614057 0.3372761940021626 0.6875
v -0.49342784235614057 0.3372761940021626 0.4375
v -0.6315721576438594 0.6627238059978375 0.4375
v -0.6315721576438594 0.6627238059978375 0.6875
v -0.7252238059978374 0.43092784235614057 0.4375
v -0.7252238059978374 0.43092784235614057 0.6875
vt 0.25 0.25
vt 0.5 0.25
vt 0.5 0
vt 0.25 0
vt 0.25 0.25
vt 0.5 0.25
vt 0.5 0
vt 0.25 0
vt 0.75 1
vt 1 1
vt 1 0.75
vt 0.75 0.75
vt 0.75 0.75
vt 1 0.75
vt 1 0.5
vt 0.75 0.5
vt 0.75 0.75
vt 1 0.75
vt 1 0.5
vt 0.75 0.5
vt 0.75 0.75
vt 1 0.75
vt 1 0.5
vt 0.75 0.5
vn 0 0 -1
vn 0.9271838545667874 -0.374606593415912 0
vn 0 0 1
vn -0.9271838545667874 0.374606593415912 0
vn 0.374606593415912 0.9271838545667874 0
vn -0.374606593415912 -0.9271838545667874 0
usemtl m_2e33ca83-abdd-9ce3-3f17-f5210e9e3751
f 116/340/85 119/339/85 117/338/85 114/337/85
f 115/344/86 116/343/86 114/342/86 113/341/86
f 120/348/87 115/347/87 113/346/87 118/345/87
f 119/352/88 120/351/88 118/350/88 117/349/88
f 118/356/89 113/355/89 114/354/89 117/353/89
f 119/360/90 116/359/90 115/358/90 120/357/90